428
540
415
454
452
932
995
557
670
791
562
311
280
538
223
713
944
621
474
509
624
549
714
939
354
502
438
462
192
641
383
76
689
573
210
223
112
588
424
424
554
446
90
928
964
211
723
402
325
942
62
79
250
858
104
570
325
17
332
262
786
368
344
756
325
936
180
483
241
896
359
407
794
986
916
983
486
826
402
491
919
903
88
344
662
990
183
171
621
296
853
404
816
499
146
337
648
172
608
53
686
922
745
461
499
747
354
455
134
620
892
563
5
868
891
841
986
575
206
831
980
594
823
720
555
58
626
905
20
185
181
254
144
776
984
574
704
569
592
325
678
174
114
553
682
638
515
654
308
829
35
978
490
750
498
549
283
23
970
548
663
401
706
462
484
982
537
663
52
47
76
652
471
948
452
546
276
498
114
228
109
810
532
101
279
794
419
393
953
727
201
964
497
198
532
357
809
668
478
939
634
296
24
297
723
182
510
581
232
227
590
865
485
258
492
668
283
791
816
132
696
840
571
747
145
295
850
693
741
481
914
967
736
179
904
608
163
265
26
301
561
62
988
726
792
339
711
756
644
379
39
432
567
506
157
544
220
454
548
686
31
806
148
575
170
964
495
731
443
402
911
952
285
343
424
606
540
477
56
140
185
455
63
375
102
670
170
425
851
536
476
545
282
845
573
370
156
159
372
526
145
927
158
829
764
659
249
655
498
739
967
645
810
570
587
98
901
434
112
601
863
332
608
269
654
815
762
355
953
152
176
353
500
236
294
338
337
348
542
60
560
436
708
327
616
1000
476
515
431
731
84
523
87
682
621
460
59
716
940
991
692
918
821
267
828
616
868
152
214
784
531
862
149
901
402
871
143
794
109
674
257
486
982
253
575
537
581
205
294
770
384
381
910
342
35
37
909
889
567
204
595
142
879
759
529
767
565
590
956
415
442
284
235
756
371
693
896
452
829
802
720
445
623
817
579
206
41
497
359
25
227
262
752
45
196
564
261
867
959
489
71
342
33
203
477
812
152
747
433
154
831
329
104
874
49
589
221
516
49
667
350
104
502
360
405
504
462
575
475
181
465
11
235
385
546
961
578
512
469
772
480
674
395
828
648
663
528
368
560
283
763
45
342
994
411
335
390
674
187
288
390
359
239
508
626
525
514
476
112
65
560
98
39
687
824
118
539
519
991
304
914
433
291
810
823
95
453
140
658
571
81
523
846
443
996
607
204
408
257
809
838
148
277
705
541
423
189
943
486
218
377
439
36
202
420
960
130
411
26
372
908
515
123
943
554
894
869
266
21
866
881
893
249
285
272
611
513
73
563
86
483
607
528
870
616
491
13
582
746
738
776
872
856
317
912
962
145
20
74
453
638
62
607
341
552
19
463
296
166
917
367
14
404
935
934
929
980
784
76
716
900
524
612
538
555
652
756
45
628
276
115
765
598
641
847
461
498
92
79
25
503
553
587
386
313
746
949
85
590
648
688
480
201
254
276
160
921
802
246
76
806
761
229
45
231
995
545
319
710
253
377
937
225
634
807
18
233
892
829
632
372
813
624
934
293
904
115
843
83
587
462
635
793
519
329
775
265
984
181
686
669
935
273
477
651
25
340
56
122
656
396
27
430
673
493
127
721
304
785
243
276
863
864
206
442
841
68
1000
644
458
16
572
93
651
828
169
212
795
606
306
711
974
696
129
299
651
739
147
506
838
34
671
805
792
315
644
586
256
548
690
751
846
428
215
764
750
851
123
658
53
753
501
452
300
96
929
403
264
785
988
328
433
598
702
487
469
742
150
790
877
402
575
344
569
364
435
689
360
295
290
169
180
996
742
361
380
630
119
397
466
919
363
283
157
583
193
963
526
223
951
413
402
926
660
868
926
242
985
121
153
937
527
632
22
457
953
174
927
429
144
497
937
455
284
507
770
695
274
506
695
985
725
28
599
880
48
825
974
576
679
51
813
379
915
974
654
839
491
463
191
298
82
195
11
950
836
780
847
309
824
536
973
657
874
787
993
687
356
176
81
665
488
727
415
880
345
722
921
220
722
620
449
603
269
63
523
354
70
632
967
176
107
966
355
135
553
925
892
546
275
727
311
681
58
659
311
194
775
272
645
124
370
754
607
945
336
678
141
720
872
520
276
683
592
97
147
701
812
19
168
491
400
20
435
758
570
867
143
467
541
401
508
239
302
821
1000
124
266
427
726
205
723
382
246
705
758
196
219
408
94
988
238
509
325
338
239
217
857
96
476
997
260
77
367
414
156
587
422
70
838
380
552
221
601
593
239
83
959
107
145
598
710
982
421
210
547
375
8
978
67
702
198
560
635
694
509
290
660
886
16
115
187
542
97
621
323
651
502
166
153
637
472
253
538
959
608
776
600
235
658
59
959
612
560
591
323
766
437
922
463
852
542
828
110
684
498
813
819
138
386
774
886
636
134
8
796
280
972
604
444
332
711
262
420
215
785
309
340
203
311
674
398
246
515
163
128
384
370
295
613
21
512
947
405
161
252
906
679
54
675
161
550
446
152
598
982
470
98
571
40
509
383
523
177
208
723
799
948
873
475
81
405
351
809
809
789
739
117
249
609
878
778
417
232
839
460
761
34
680
30
590
26
811
672
682
734
285
251
839
394
590
633
417
849
351
683
736
308
972
605
339
31
535
897
122
959
86
131
125
169
960
15
168
873
246
596
513
853
880
287
689
299
983
224
749
792
412
788
189
174
597
948
326
794
561
366
121
757
269
494
236
141
2
575
580
13
648
318
943
708
500
80
680
947
256
168
427
516
809
266
77
811
249
711
774
377
757
59
963
812
149
210
616
884
534
79
1000
739
953
235
218
374
787
872
881
971
629
424
515
811
469
73
709
36
731
874
597
52
26
34
880
964
808
607
972
583
554
337
6
125
588
216
554
391
412
954
469
774
54
577
359
918
48
852
779
200
419
876
514
408
545
553
557
604
371
475
196
85
376
557
862
912
414
324
880
540
439
411
379
112
423
681
691
147
963
613
978
468
446
779
415
531
431
422
486
239
462
143
960
358
651
768
957
643
886
371
333
637
634
950
135
35
948
79
538
551
550
44
483
584
725
209
90
319
771
644
376
257
116
509
914
322
702
830
45
827
790
200
1000
323
845
115
41
230
338
991
430
228
92
642
658
279
440
288
899
760
398
177
613
289
123
586
242
844
767
467
525
51
396
634
794
952
848
60
127
60
361
165
273
411
577
803
452
209
171
734
961
384
616
419
578
816
326
707
144
279
321
688
754
957
644
463
209
313
638
304
279
298
155
497
919
127
588
12
179
300
487
768
16
568
633
73
462
344
901
443
999
828
54
659
365
278
978
693
745
915
60
265
913
875
420
12
505
625
270
256
139
972
224
869
281
173
610
910
927
902
767
836
29
172
350
771
565
574
688
935
80
426
475
158
589
418
763
768
564
313
945
193
437
623
794
360
494
605
228
425
189
494
168
368
193
591
738
628
880
892
901
53
385
621
531
278
164
341
300
829
318
948
13
823
628
729
304
940
544
865
127
790
488
524
528
173
929
570
132
960
53
179
632
249
382
193
265
936
117
224
252
147
330
783
127
844
543
935
63
50
981
119
645
380
710
3
690
679
568
456
537
260
121
476
450
589
61
178
897
297
870
767
220
926
497
907
323
34
431
73
921
375
577
406
603
997
953
442
468
780
603
909
37
633
978
808
573
934
836
118
402
297
317
546
459
744
253
253
872
745
735
198
272
489
524
748
304
425
344
947
427
123
839
338
519
482
538
755
73
864
778
895
83
336
487
321
785
453
859
351
704
762
269
802
839
599
763
191
658
969
758
885
900
582
488
715
770
605
613
512
174
949
244
619
228
964
880
32
226
30
434
210
453
817
12
248
806
426
873
818
784
63
431
726
25
626
451
774
943
253
672
17
368
951
223
28
491
479
16
542
279
897
58
676
300
928
256
415
736
178
140
662
419
446
627
792
775
672
379
928
50
317
991
696
490
81
167
203
496
9
836
127
214
845
887
689
404
887
906
884
943
530
644
316
152
532
423
266
178
276
240
848
458
75
909
403
677
255
259
225
634
108
410
18
268
869
421
659
174
959
32
431
313
777
755
535
670
837
566
173
875
417
848
872
807
401
637
29
16
105
464
622
942
86
338
450
710
502
969
238
634
651
25
643
210
445
252
887
720
685
195
197
591
765
405
517
512
335
910
150
229
402
671
129
283
755
332
983
125
40
622
54
200
531
773
793
234
9
98
245
967
488
456
76
909
307
30
11
128
931
214
769
942
23
564
390
314
638
192
804
620
283
383
607
886
701
678
782
546
359
391
561
937
124
656
350
727
319
76
189
581
242
585
286
879
319
554
915
527
810
573
616
983
148
995
508
189
375
235
618
44
421
783
694
569
643
834
260
418
457
882
876
61
18
35
80
96
73
112
113
162
571
146
988
911
373
642
491
604
614
455
166
780
616
726
559
883
238
447
282
18
282
759
952
796
783
751
923
853
831
283
731
752
229
25
665
386
239
258
341
879
775
508
42
89
786
713
954
370
195
329
655
496
917
66
671
328
254
654
124
774
388
553
67
459
316
606
975
1000
401
253
646
473
222
122
997
69
978
622
106
75
871
652
54
453
966
635
830
215
585
150
30
260
34
740
673
910
941
493
276
733
323
416
502
203
169
982
33
38
116
257
182
565
847
276
615
205
59
46
952
740
108
254
484
584
502
718
802
202
82
83
361
800
549
206
772
846
231
762
191
185
848
485
302
57
78
997
425
682
555
962
494
998
752
373
264
839
663
22
243
695
319
250
635
514
391
757
615
597
290
933
180
762
447
129
799
954
199
339
395
385
113
919
176
342
235
10
769
364
539
275
274
369
5
346
139
916
178
287
815
335
874
127
617
481
953
239
55
766
7
772
412
943
756
598
162
560
107
275
32
111
715
724
245
822
325
685
912
948
515
380
626
617
721
568
196
289
678
778
534
579
969
87
730
648
49
815
70
456
461
274
516
633
654
51
394
704
481
969
627
291
890
132
808
265
867
150
486
474
678
8
431
307
406
546
873
835
569
733
196
519
887
738
953
464
804
664
439
243
894
71
117
951
393
226
447
35
921
182
65
375
263
354
982
745
696
963
177
966
483
364
871
231
527
528
180
991
576
649
963
691
929
551
139
650
328
378
935
380
518
722
435
796
827
741
49
431
51
39
820
993
575
833
291
349
939
651
679
707
178
803
555
341
601
121
407
423
380
924
352
899
41
227
85
445
655
264
77
501
487
92
721
230
70
713
56
342
167
387
124
384
890
480
959
340
702
136
813
546
615
350
990
544
587
820
600
829
192
795
769
712
667
655
382
339
279
794
771
335
453
839
174
972
317
441
423
325
567
799
527
580
533
393
765
969
326
903
722
961
127
784
53
957
189
187
706
736
604
195
656
881
757
553
85
886
9
322
761
906
341
240
994
532
953
317
849
672
684
901
906
114
199
495
631
133
870
244
822
301
68
215
488
87
310
505
892
419
655
17
332
108
351
653
239
158
411
458
872
487
251
580
166
33
244
218
877
836
277
549
481
840
171
940
735
715
519
168
635
264
830
785
178
663
556
998
770
718
619
834
505
207
217
325
452
137
303
238
161
765
166
880
274
408
323
742
526
971
692
343
414
611
634
823
909
589
631
988
542
323
492
310
949
5
906
693
785
509
384
138
195
862
978
593
549
413
969
659
206
477
279
600
267
623
348
953
252
88
396
410
72
77
713
46
236
157
761
587
997
877
985
203
28
284
666
956
386
288
583
19
211
422
918
849
896
722
213
565
596
207
508
787
857
165
793
652
380
642
958
146
695
759
13
450
117
81
998
220
323
517
859
454
132
320
623
566
868
616
438
969
457
935
459
524
237
304
792
21
804
138
324
891
827
343
789
786
639
241
23
76
774
177
439
436
855
402
555
364
831
122
777
192
298
522
425
898
792
773
273
77
684
586
885
846
598
72
901
760
460
931
233
120
11
725
784
627
687
382
722
255
352
424
353
453
472
577
940
687
772
649
376
563
705
522
10
3
138
811
16
49
65
622
896
244
242
242
906
566
843
228
895
590
373
530
580
18
886
245
200
328
830
527
876
595
97
846
189
749
170
625
554
549
435
56
826
187
639
647
472
342
329
339
282
900
666
375
105
809
421
673
380
240
845
277
127
959
936
26
689
494
401
554
805
821
492
94
589
373
129
421
867
571
35
375
780
931
795
142
124
745
169
459
910
558
266
479
409
850
830
414
917
403
415
250
334
387
346
344
674
399
611
840
980
180
409
879
604
522
407
789
684
780
324
221
819
876
497
860
736
282
122
568
470
613
963
284
250
413
120
174
102
590
146
601
627
847
124
79
618
447
500
926
389
521
851
450
369
433
730
984
283
819
76
739
24
618
712
234
127
22
519
501
160
944
257
135
276
218
492
844
301
925
107
274
357
216
628
425
829
269
995
891
615
844
984
587
386
557
513
181
389
59
9
203
879
673
4
194
71
918
238
639
993
319
468
637
434
556
31
902
976
476
260
409
406
167
448
493
809
622
353
971
405
125
648
575
874
286
71
189
445
604
714
692
47
360
324
664
760
453
461
5
260
233
283
290
20
113
669
652
391
654
586
926
330
742
211
18
945
661
563
898
561
420
367
320
805
645
434
630
631
293
952
143
912
629
938
393
885
746
504
563
217
200
549
152
809
855
343
24
246
113
298
704
623
955
258
757
181
858
805
485
766
943
275
563
864
804
717
459
18
782
140
634
221
951
698
443
314
718
271
58
462
61
92
913
639
586
75
200
389
456
24
292
239
177
868
432
908
714
823
548
912
780
728
156
408
987
938
955
41
86
946
445
710
359
272
575
919
401
785
856
925
659
71
625
372
41
121
785
984
668
645
701
324
123
646
746
791
252
127
233
796
603
647
548
504
114
119
216
826
419
375
402
599
300
154
3
657
78
909
72
288
209
735
770
56
617
135
174
475
117
603
401
356
247
423
728
678
130
984
91
759
255
249
119
911
888
241
708
891
315
863
355
542
936
908
203
846
487
60
158
79
278
619
320
856
581
540
686
95
518
479
686
784
100
289
630
301
544
786
839
606
635
102
549
42
561
238
115
732
620
433
155
131
748
467
446
738
289
724
476
239
958
980
355
846
465
861
103
80
37
384
677
242
217
624
66
484
439
517
291
347
261
89
546
361
762
267
878
550
874
608
624
789
418
504
336
664
523
445
274
675
273
792
873
864
22
563
754
351
170
523
444
37
738
374
77
68
172
693
409
394
594
377
431
651
987
42
260
193
346
541
179
99
235
161
774
514
185
905
869
727
780
867
973
461
463
382
282
524
692
31
137
906
878
354
623
614
62
820
99
922
519
881
182
452
855
364
429
695
570
34
409
656
653
302
546
812
468
796
618
849
461
623
671
145
325
365
166
935
730
847
419
79
864
127
811
751
553
646
254
993
432
731
759
102
181
182
182
359
360
817
515
155
222
599
28
86
486
472
596
436
332
933
378
495
629
214
493
601
32
178
724
318
89
551
737
81
282
288
585
440
817
241
825
687
443
219
692
711
989
406
714
871
301
455
584
189
552
355
940
370
686
537
477
576
221
870
502
937
714
558
358
58
227
354
614
633
526
949
217
891
595
127
899
805
427
578
976
403
576
560
131
741
747
573
180
874
284
331
119
966
5
317
201
903
36
32
775
936
927
218
928
30
927
936
856
352
39
591
781
398
679
239
392
975
787
749
946
451
645
826
33
228
819
526
815
204
981
840
482
150
553
380
466
845
100
58
917
90
580
811
207
781
123
422
520
518
738
161
922
777
486
875
967
472
698
996
892
482
183
613
509
770
979
801
319
830
129
265
504
505
968
344
454
386
52
142
136
785
639
866
362
159
108
413
377
29
542
390
556
20
132
956
564
653
862
251
507
745
595
740
279
96
20
929
930
896
260
197
39
452
3
508
47
569
967
202
40
966
941
457
669
233
999
425
534
118
19
37
345
296
48
381
917
974
229
530
702
874
355
220
684
33
238
904
728
982
190
58
180
22
117
769
543
840
603
36
836
157
381
117
445
615
442
454
323
719
642
40
884
736
513
978
271
927
405
438
377
239
118
399
531
505
672
787
418
478
141
313
532
946
842
130
363
701
234
460
722
396
226
145
129
916
117
42
824
969
677
786
912
236
665
624
500
826
358
272
8
504
256
264
225
37
456
418
130
447
53
170
373
240
79
262
253
799
641
958
253
343
584
460
609
116
781
502
219
930
532
218
850
652
171
532
713
280
286
628
492
591
39
113
301
429
486
4
912
75
493
192
508
322
940
800
856
207
135
725
10
50
139
422
412
834
438
494
250
477
117
86
757
512
321
238
79
50
62
73
518
252
604
70
566
633
972
124
101
226
353
291
184
307
231
190
904
102
565
747
470
407
322
909
239
713
822
490
469
445
757
660
222
678
901
893
236
959
840
879
757
879
412
887
102
902
579
76
177
394
680
821
550
74
309
437
731
33
229
760
406
662
226
467
884
150
646
125
878
787
226
359
814
1000
874
329
183
535
998
20
660
40
62
785
34
884
152
722
775
150
803
925
482
630
714
354
653
298
576
91
848
435
801
790
779
907
729
692
66
721
375
830
106
610
381
908
89
773
527
709
984
609
192
277
145
258
567
958
293
417
723
629
669
58
104
707
943
436
626
935
404
377
227
247
185
795
286
268
900
792
562
775
464
745
485
695
354
735
597
800
343
572
473
25
597
132
394
536
171
748
805
798
751
669
404
834
405
379
282
697
689
20
17
185
751
756
461
824
443
592
757
206
463
309
451
247
758
957
840
543
772
421
522
645
145
949
567
122
769
362
336
666
963
175
958
48
573
869
692
145
44
139
767
909
957
751
730
147
765
843
731
407
439
695
371
733
992
330
621
505
461
222
67
289
393
264
202
628
982
549
360
649
620
835
422
536
517
567
505
809
335
380
853
919
356
168
256
130
649
234
89
467
843
170
828
721
940
20
151
845
215
628
249
823
405
93
376
35
844
870
924
978
317
954
661
266
517
461
313
584
935
706
441
549
102
943
919
220
431
486
670
221
885
973
862
951
788
976
848
873
770
571
947
775
396
464
420
916
120
585
79
283
633
939
309
451
154
490
829
49
62
713
463
814
852
223
947
121
934
815
287
263
956
689
892
834
814
725
782
693
627
43
393
405
382
781
615
103
734
990
291
120
949
425
462
726
62
599
249
681
945
989
475
409
353
648
419
750
686
517
560
679
851
445
514
310
827
760
96
608
855
108
910
455
220
462
711
394
36
937
995
865
550
103
239
820
339
769
639
135
812
979
683
899
628
562
219
65
789
216
766
580
448
915
131
359
806
790
531
391
585
898
827
754
784
412
503
642
123
288
364
159
2
989
890
100
476
705
413
178
513
683
282
743
434
176
571
193
128
364
573
379
989
318
296
451
293
406
84
909
218
410
728
23
235
588
728
57
186
821
875
38
395
375
877
862
581
108
708
820
206
246
125
901
570
812
126
834
54
730
810
319
994
672
789
860
393
846
645
913
290
127
767
932
593
777
910
791
804
972
272
827
797
406
329
243
818
873
501
487
718
216
411
280
201
823
91
464
590
847
967
64
521
600
644
61
295
987
441
766
708
623
38
235
423
471
735
888
436
791
737
381
428
290
481
598
721
467
463
522
131
918
727
970
124
567
561
262
36
85
177
938
269
34
422
218
436
830
360
897
910
466
750
796
687
502
605
20
262
925
7
47
609
787
824
456
450
469
526
70
704
337
146
709
721
766
635
62
77
507
254
225
854
591
626
545
14
393
669
62
401
831
647
535
916
886
582
812
232
103
930
461
912
14
538
647
393
697
730
818
410
472
703
648
538
545
714
368
969
476
977
459
658
873
672
579
467
570
17
594
805
258
35
19
753
766
957
48
199
681
844
757
115
270
542
539
170
469
897
959
18
63
917
73
236
292
338
148
970
559
744
625
262
812
369
182
548
370
124
793
865
447
488
162
861
433
405
849
722
818
281
819
992
582
961
438
740
622
437
982
831
380
308
609
853
199
257
670
929
603
911
75
614
655
49
476
40
78
859
890
354
510
89
415
669
417
24
459
716
1
12
449
633
362
523
487
213
168
888
678
790
178
864
651
380
776
889
173
454
7
538
296
613
875
85
260
223
548
485
140
913
984
592
537
437
459
341
64
528
452
808
810
13
49
65
740
254
619
412
108
835
194
116
696
47
722
871
650
679
885
64
276
578
804
82
315
131
479
185
162
904
204
58
953
538
516
43
895
726
712
499
86
968
486
186
534
600
120
304
237
113
389
111
168
440
596
809
26
169
134
355
195
847
115
17
677
390
924
656
277
2
246
178
386
843
956
939
917
766
929
112
560
363
17
162
683
798
555
126
958
598
412
896
396
886
718
9
771
279
320
996
897
876
805
793
687
84
527
65
224
443
438
886
846
12
105
367
826
694
345
656
946
188
712
441
71
964
868
732
350
163
250
566
798
794
18
856
639
688
919
696
62
424
556
610
153
715
949
847
577
157
430
655
282
574
910
427
399
736
597
672
569
567
391
249
500
929
420
241
821
353
630
202
631
996
652
912
890
868
529
30
993
591
391
828
836
675
403
689
257
980
260
175
883
795
300
757
332
829
440
200
541
280
492
26
793
538
920
360
87
205
963
698
73
834
600
38
10
470
187
144
193
116
217
674
575
747
114
478
154
969
803
938
933
912
614
426
665
811
390
441
499
432
632
844
45
850
100
791
930
341
924
979
983
153
752
1000
283
728
100
856
46
951
834
435
487
787
160
128
354
684
171
788
525
629
826
813
34
534
335
701
968
819
439
819
371
16
34
856
627
206
112
830
921
393
464
621
818
686
937
850
85
406
325
165
96
743
207
771
801
516
769
682
537
801
63
986
211
644
515
103
340
879
135
292
524
691
389
751
817
196
650
952
821
724
376
202
862
979
685
525
897
749
507
53
996
999
950
956
433
579
245
354
341
383
786
18
502
277
859
406
59
934
985
504
511
326
997
841
430
357
652
387
511
458
90
108
73
333
81
573
746
704
879
808
998
374
18
284
418
196
668
370
571
381
560
718
210
639
59
514
627
546
585
253
269
611
617
195
1
82
942
514
268
808
644
34
732
959
225
522
728
468
719
792
212
849
300
380
692
88
545
365
468
453
232
639
193
684
149
322
322
474
663
538
541
804
268
488
759
713
797
322
42
169
785
978
37
965
38
350
24
109
925
202
788
73
942
618
433
252
725
654
751
973
768
52
624
921
806
138
926
45
80
370
50
226
239
172
738
191
779
881
817
165
780
80
819
915
250
951
654
269
84
268
819
916
200
871
197
913
99
50
519
268
212
856
454
714
460
966
478
168
512
518
852
236
45
819
70
850
189
236
779
696
317
218
245
725
979
674
360
175
770
68
53
781
519
624
498
408
106
132
277
822
647
375
85
382
993
963
840
980
822
770
763
488
357
578
859
477
604
644
41
664
211
508
366
382
875
182
572
330
942
351
607
559
638
75
648
656
880
11
344
335
325
402
922
388
202
581
435
644
821
979
3
121
573
629
169
838
178
500
189
453
663
784
803
393
375
992
294
634
931
23
565
821
943
411
291
526
480
537
866
521
713
551
266
396
186
303
34
986
125
671
652
456
727
577
728
714
895
564
543
148
721
778
892
15
887
277
340
608
663
995
463
554
945
776
832
197
517
209
914
621
250
15
963
778
587
518
205
402
394
592
308
562
191
23
95
492
857
474
858
923
896
304
84
296
729
368
538
291
134
588
352
34
361
580
474
378
103
835
257
151
130
829
740
270
543
62
860
43
532
546
453
838
515
101
557
763
753
28
464
497
946
768
770
49
525
561
400
570
289
767
776
342
290
513
140
231
856
115
2
848
957
350
342
416
396
679
982
363
61
800
847
242
593
333
568
421
445
169
856
969
59
594
442
493
543
137
772
413
99
79
739
868
161
464
229
614
549
537
971
763
309
245
856
708
658
449
504
412
904
686
804
965
743
807
262
751
29
509
418
747
33
730
35
526
989
409
447
821
879
639
823
764
585
73
113
683
969
115
410
389
761
2
715
210
13
661
397
128
755
967
364
513
976
977
183
44
991
708
15
8
992
300
597
883
32
14
187
419
999
577
174
479
426
589
386
478
842
795
480
146
49
325
538
313
739
49
570
210
669
596
961
483
761
797
43
428
531
693
944
255
129
14
560
841
518
955
78
823
862
215
613
685
931
100
445
50
780
293
358
195
606
205
643
713
527
885
207
574
283
342
83
834
502
188
265
95
366
805
605
3
758
567
479
255
563
157
790
440
664
449
602
437
114
54
390
696
966
792
280
10
323
663
777
582
52
157
492
99
699
377
605
135
47
373
729
251
328
118
154
308
813
435
609
569
102
85
979
926
635
503
755
728
174
715
97
381
177
16
986
500
978
774
540
618
373
956
771
515
869
244
706
140
451
666
916
276
641
138
146
722
943
296
726
518
236
412
572
851
693
838
75
980
631
219
945
170
678
555
416
363
780
849
873
595
547
401
192
961
402
163
786
150
531
779
500
383
323
216
179
891
451
908
601
548
810
816
852
702
31
997
317
527
368
724
858
131
687
953
290
997
503
356
524
535
663
206
618
39
673
740
20
73
221
809
640
612
946
402
573
79
856
101
675
741
21
340
349
140
4
952
381
764
685
526
512
253
480
520
131
507
537
362
518
936
498
468
784
875
851
524
337
592
14
221
224
783
783
202
839
24
225
410
177
901
62
939
577
302
242
630
544
290
309
887
950
500
590
790
961
672
301
324
328
820
313
707
463
191
613
554
29
254
318
807
550
729
612
871
758
808
549
333
640
266
937
411
992
159
988
783
440
603
803
227
9
180
382
312
736
663
352
940
619
998
494
431
586
547
88
170
123
109
740
844
28
602
233
920
780
630
763
950
227
747
884
832
621
384
199
782
809
325
258
271
617
571
358
239
916
150
209
83
351
165
563
995
317
472
878
880
230
967
558
555
145
435
260
228
490
510
852
950
640
459
22
557
681
728
763
533
52
527
80
437
129
94
357
184
628
361
714
277
641
717
482
237
55
72
773
705
265
433
51
961
863
43
403
67
147
142
248
325
13
703
113
746
217
302
307
805
453
971
621
703
703
289
682
733
892
135
324
741
490
352
793
319
831
165
202
105
20
950
956
618
764
967
339
806
909
871
129
951
362
925
250
240
245
68
326
818
505
102
888
955
594
189
556
835
324
531
541
183
98
754
467
525
258
363
696
515
300
701
610
683
786
561
403
74
224
489
445
132
614
264
83
163
93
959
295
128
121
137
160
595
281
417
408
658
879
649
481
37
352
171
968
386
369
614
609
509
540
512
420
819
638
988
833
727
272
656
233
240
346
956
824
592
544
876
275
187
759
23
173
157
767
846
376
514
278
248
501
585
477
217
443
24
905
748
786
24
867
462
707
303
431
960
162
316
349
177
225
55
231
761
831
815
741
194
141
51
895
681
865
300
533
270
528
219
251
654
227
791
39
927
275
739
261
722
654
517
863
789
871
855
251
674
972
489
89
744
33
142
212
395
117
468
362
785
401
441
877
864
122
846
793
192
606
420
561
300
517
362
593
471
705
112
313
345
445
470
341
829
729
50
384
286
101
300
620
99
375
450
514
507
689
60
514
583
634
561
26
711
475
383
775
717
536
705
642
790
200
87
852
423
765
295
890
975
393
236
837
81
890
980
509
604
158
991
785
343
744
175
23
548
147
569
262
255
780
513
753
353
24
317
723
454
879
245
225
531
432
515
228
472
3
830
530
449
262
328
423
127
750
142
237
786
8
857
112
747
768
392
597
140
138
832
846
48
114
457
826
787
301
107
993
490
50
805
308
718
536
997
538
673
385
375
684
335
976
163
919
346
639
340
320
954
303
29
959
631
290
133
224
271
667
201
946
748
135
313
482
346
453
57
993
309
626
355
515
387
651
938
3
462
128
322
316
16
267
719
256
473
98
67
49
509
198
662
502
365
476
295
346
364
200
661
946
594
304
832
29
396
628
166
28
551
708
550
970
130
760
267
24
620
69
963
606
181
81
657
858
74
530
118
711
786
191
285
908
91
787
324
388
794
713
160
452
759
367
670
80
12
222
920
283
896
478
586
415
702
952
273
365
688
467
141
179
438
220
314
933
976
136
498
249
714
800
14
784
824
833
815
581
721
998
125
25
141
87
47
787
634
30
75
148
360
534
935
535
318
250
823
873
719
243
897
896
791
628
957
725
196
399
42
715
833
294
871
547
825
650
253
391
324
329
425
508
802
562
658
529
754
470
999
252
458
842
216
565
928
299
319
532
811
332
864
62
473
251
681
578
681
944
644
880
7
56
893
837
699
152
282
329
141
489
39
156
301
808
188
823
52
144
583
788
168
375
458
333
908
126
773
726
47
302
681
768
841
136
482
15
218
864
175
21
672
584
657
822
25
324
114
219
910
505
390
434
89
628
240
517
301
333
494
484
646
558
736
795
856
514
739
461
383
34
568
245
536
787
743
234
511
133
50
803
426
940
620
19
489
50
867
295
18
174
115
953
12
479
798
692
55
358
423
906
442
201
256
483
835
504
28
765
616
152
538
736
459
589
543
405
846
208
620
618
707
38
243
761
224
780
368
133
320
925
946
567
741
861
772
492
323
127
598
339
600
998
173
886
738
740
53
838
203
112
183
83
354
203
883
283
916
913
687
298
155
427
821
550
254
602
812
867
195
986
465
838
158
452
717
923
374
765
670
782
94
556
87
870
617
344
920
21
842
82
203
50
683
702
617
599
979
264
266
822
870
86
899
682
630
411
624
673
4
270
309
484
15
58
963
984
956
944
870
221
452
674
251
563
962
359
788
775
473
33
604
284
935
970
90
920
792
388
431
457
497
624
161
165
994
496
763
225
117
513
915
734
683
476
852
473
270
415
967
94
706
796
672
398
877
463
229
805
841
387
561
874
134
582
613
325
523
825
908
187
681
20
89
237
797
327
546
716
789
817
669
932
30
70
23
69
761
331
401
229
625
860
619
51
732
150
270
972
512
639
775
410
385
391
949
123
606
706
757
992
869
935
555
815
846
579
701
368
383
853
895
29
71
457
158
643
114
994
116
326
652
114
491
477
385
893
62
211
120
472
2
950
579
400
652
354
353
560
157
483
873
203
767
676
339
324
246
1000
270
444
615
279
133
266
580
457
987
667
793
880
12
121
204
125
528
422
301
776
971
405
953
965
618
241
371
841
719
270
40
355
456
130
895
434
669
525
180
440
393
230
455
636
259
396
244
128
556
38
175
738
459
42
604
20
93
472
823
490
650
267
517
337
474
390
92
600
998
365
498
724
142
37
761
938
937
407
649
580
755
273
428
119
469
477
152
916
588
24
708
948
112
943
458
230
201
485
815
619
102
894
907
522
740
109
115
267
675
68
732
340
905
361
437
626
837
830
154
542
570
617
909
23
635
577
451
125
564
125
754
626
45
942
850
377
601
601
575
520
527
154
901
469
690
319
186
455
781
352
666
24
262
621
784
35
123
985
271
199
421
94
638
363
688
815
5
68
235
510
745
895
139
869
501
735
524
357
68
306
810
448
852
67
397
154
46
903
443
432
469
715
550
38
457
951
306
988
906
393
744
555
325
730
523
315
303
973
798
851
172
83
116
470
947
330
130
543
256
225
532
609
939
532
501
387
377
887
694
947
129
563
542
325
117
591
832
256
3
350
278
55
770
998
491
504
759
734
894
183
760
974
764
875
395
984
560
711
372
410
640
954
593
143
12
513
459
76
476
496
361
947
945
247
132
204
279
437
161
676
421
466
420
689
866
706
183
645
591
733
813
158
339
15
17
245
969
525
556
247
961
162
892
788
321
207
607
832
371
312
454
8
833
880
765
110
372
317
547
928
10
572
914
984
670
519
12
377
215
736
697
766
160
238
990
272
166
429
13
273
2
954
451
399
780
987
430
412
918
691
43
931
826
618
397
19
719
971
86
280
118
885
662
790
106
401
77
727
325
27
928
715
465
683
242
962
31
978
360
525
770
992
572
60
878
424
54
965
610
846
819
195
665
653
293
453
589
833
660
692
294
915
381
691
492
289
53
203
867
12
19
166
944
76
375
358
378
447
294
921
907
589
13
99
655
148
734
761
870
84
644
988
959
943
712
990
938
335
887
666
891
844
62
949
398
705
218
504
772
74
412
907
438
102
476
963
257
834
686
92
79
954
423
669
386
612
827
746
280
202
456
458
402
745
446
233
663
173
888
492
538
64
692
956
574
491
704
297
686
197
228
953
25
677
919
372
827
640
88
220
294
214
106
187
326
834
761
275
876
725
948
209
401
878
127
29
99
932
763
306
522
225
401
758
734
624
927
690
277
354
786
10
395
384
616
970
13
55
470
928
806
771
706
652
263
609
726
834
288
742
496
192
362
912
765
54
449
569
225
375
607
205
620
678
75
478
372
358
935
937
92
234
81
216
530
780
215
397
87
323
599
335
414
32
21
438
803
412
271
345
428
405
976
140
348
774
326
236
54
224
918
771
527
806
448
684
781
463
513
135
83
308
862
570
908
267
458
177
345
366
225
954
847
569
322
357
624
134
506
78
995
372
121
831
444
677
770
601
113
456
957
747
592
736
73
601
35
21
550
843
481
925
558
94
797
498
807
932
394
331
212
529
508
614
331
339
791
558
124
623
949
631
828
778
943
735
98
59
928
846
818
277
647
329
73
587
969
137
482
701
357
70
586
814
199
780
499
189
796
708
55
999
277
924
974
935
255
100
167
396
64
122
470
763
359
999
237
718
518
901
881
73
691
63
36
651
665
98
785
1
865
793
348
666
759
99
96
585
912
333
597
41
989
47
129
905
322
929
204
932
911
958
273
909
331
758
576
512
497
990
87
927
55
77
80
299
889
1000
190
582
748
402
321
763
385
292
975
278
286
542
412
26
275
341
473
802
669
879
106
29
17
697
715
147
875
803
401
765
267
562
228
527
7
167
15
54
897
286
490
881
370
828
741
510
956
56
446
514
834
974
650
984
754
711
621
158
708
978
569
853
548
604
871
844
84
906
98
242
383
240
987
513
276
516
887
607
292
356
674
11
888
619
520
369
476
169
42
316
375
832
26
974
774
843
661
982
85
884
387
517
469
239
23
478
236
120
355
789
599
246
175
248
479
567
841
994
190
673
982
342
938
479
380
562
760
899
27
340
559
916
204
457
148
710
453
23
41
76
814
415
464
239
105
782
395
7
428
473
617
257
124
349
51
344
658
964
193
542
191
590
324
960
728
21
931
962
244
1
917
528
335
820
625
48
76
75
109
737
550
848
374
943
238
119
821
164
753
634
214
135
688
490
279
927
556
382
924
891
207
150
726
28
290
1
856
807
169
141
153
379
515
604
878
337
797
8
678
128
685
606
812
959
802
44
165
367
956
333
741
888
76
83
8
49
227
848
304
380
443
143
829
905
934
183
567
914
550
60
902
707
239
245
994
20
334
535
766
985
324
790
641
902
530
111
918
858
484
264
483
990
202
349
114
150
409
65
854
109
158
273
876
382
706
917
983
328
878
611
930
927
803
536
205
713
747
504
576
956
347
404
848
739
511
326
496
856
192
431
446
442
996
519
77
718
87
616
756
416
929
938
721
116
198
143
888
88
62
879
252
768
324
257
940
72
990
259
915
839
600
859
47
576
889
132
680
264
64
690
502
756
578
662
171
262
219
741
229
808
764
984
7
471
673
548
970
54
602
356
723
194
514
789
650
811
227
930
689
409
794
426
433
834
327
612
823
642
177
32
278
366
182
976
363
684
223
853
38
405
478
710
483
114
960
386
33
755
722
688
963
537
880
376
85
502
281
631
938
23
337
478
303
553
67
864
939
480
652
690
990
548
453
318
893
631
848
585
947
582
289
503
505
517
583
878
288
875
673
242
870
696
521
279
680
240
473
560
194
116
278
741
201
663
163
634
647
812
425
300
371
820
620
135
839
813
879
369
772
660
691
967
278
891
426
646
242
454
819
188
723
674
748
803
378
638
341
817
553
193
879
881
983
313
307
826
846
360
141
234
822
225
398
16
85
429
152
918
106
75
997
148
518
836
633
729
290
269
191
375
122
858
298
727
761
6
483
35
621
955
71
390
440
662
369
31
41
685
188
169
225
276
142
612
242
902
896
585
550
705
647
372
89
824
533
25
886
258
999
445
507
272
705
846
148
438
454
654
30
383
972
951
916
41
843
341
476
981
485
898
156
656
468
761
387
822
981
959
63
695
710
182
221
952
751
353
820
323
947
496
93
223
493
36
952
12
45
827
706
556
45
480
196
290
398
915
457
897
299
172
281
906
807
8
20
285
644
649
288
676
406
260
517
641
370
950
688
103
812
759
789
227
328
826
418
370
986
319
973
524
892
289
616
258
647
902
588
350
724
31
686
285
614
848
227
179
919
793
995
384
249
688
528
229
446
948
706
404
728
961
734
790
655
149
871
449
172
678
553
454
712
490
434
529
473
183
757
294
736
890
268
131
322
336
987
504
8
12
286
822
97
348
264
417
988
269
393
226
124
374
395
542
944
9
567
125
212
644
340
856
84
514
641
999
641
741
887
669
963
576
887
882
976
942
676
965
841
874
362
777
733
964
536
993
146
354
320
230
139
221
662
756
10
343
956
139
515
192
639
12
465
816
18
825
564
967
152
392
814
108
19
950
659
924
398
425
3
769
833
638
481
910
291
98
251
969
505
931
260
506
3
590
855
642
119
706
678
718
544
742
695
920
729
609
475
603
183
682
925
885
688
517
735
134
154
860
811
699
943
569
679
562
319
44
451
452
205
690
707
351
485
987
673
405
451
716
539
839
307
927
362
857
35
443
706
36
786
681
667
715
498
344
97
258
993
51
637
807
982
374
348
577
382
637
94
831
37
3
280
858
727
998
665
635
779
502
139
496
547
794
560
53
927
280
614
727
151
893
714
665
271
765
453
813
714
504
522
275
363
360
495
547
809
473
885
190
980
905
979
777
895
746
236
554
86
476
531
597
563
835
845
289
198
633
820
795
606
764
473
336
762
313
549
5
393
373
717
201
90
278
381
134
542
73
564
377
339
784
933
605
983
641
496
442
976
546
6
823
713
473
996
929
549
939
884
31
555
177
848
958
939
648
453
223
271
816
719
529
251
391
680
135
321
899
783
236
331
302
826
979
180
981
440
116
791
835
778
845
819
117
104
687
614
766
310
536
807
694
632
597
172
42
64
436
893
904
23
558
474
640
54
993
544
808
377
448
513
855
535
335
173
981
47
691
760
485
711
937
616
825
699
193
737
532
30
847
466
818
13
197
351
1000
287
200
800
353
214
137
123
996
687
840
304
73
607
746
644
453
624
974
221
459
823
127
409
53
454
155
107
930
841
370
97
307
198
551
780
125
778
600
754
674
810
531
791
906
955
219
34
589
424
159
65
493
171
512
102
820
419
39
939
445
768
143
476
535
735
711
664
683
775
699
129
679
874
72
271
836
437
904
730
856
272
959
525
447
952
215
516
248
118
934
435
885
705
468
174
465
88
281
354
929
510
685
551
880
14
252
287
333
280
451
400
215
990
408
210
620
254
781
175
557
987
158
833
357
95
953
897
522
990
168
657
594
4
591
962
75
903
279
138
600
784
659
1000
851
835
52
74
555
578
496
649
590
131
988
998
832
270
38
210
292
29
701
737
372
504
802
543
782
840
712
804
327
831
370
902
682
244
621
842
597
543
4
941
423
546
187
673
30
199
242
782
105
325
110
948
547
496
724
335
414
244
508
89
299
520
635
976
464
739
448
819
402
196
792
290
344
299
477
272
299
49
864
155
841
327
734
586
308
8
442
620
728
695
831
133
57
188
910
72
792
202
875
512
362
961
979
757
630
387
703
953
580
130
242
808
131
883
736
801
291
350
910
26
252
855
577
861
600
594
874
90
945
64
21
907
156
57
15
625
520
733
165
683
249
89
675
333
970
794
397
299
930
264
6
963
231
491
28
208
422
103
884
236
103
738
704
934
638
649
581
414
929
155
384
739
431
556
447
485
983
481
95
305
525
717
498
864
208
473
43
567
266
785
296
52
784
390
537
366
672
979
612
246
921
913
629
680
538
365
441
746
162
348
706
578
388
835
591
315
243
827
541
761
460
176
717
460
151
972
800
847
258
911
154
761
812
439
660
543
774
521
502
873
838
642
629
558
532
440
245
984
195
26
140
403
65
295
536
22
894
383
488
751
109
399
88
571
876
600
351
321
252
996
259
537
622
889
135
142
318
251
729
341
673
639
306
124
748
68
942
345
410
167
204
824
393
820
737
455
681
732
171
19
290
420
595
97
354
95
302
725
725
598
495
211
493
240
384
406
155
459
975
666
349
13
263
814
112
274
325
782
238
872
568
873
524
205
196
703
927
743
851
558
908
304
330
316
139
315
673
924
315
143
133
143
582
984
939
94
779
725
373
85
167
848
7
55
245
198
482
563
453
387
259
863
279
616
320
439
327
537
866
133
761
358
864
396
829
632
942
459
871
930
502
426
695
943
385
639
432
13
124
961
756
481
342
795
518
196
322
901
642
996
309
305
904
664
502
814
563
4
104
953
599
651
97
495
408
217
587
269
472
116
670
832
289
427
976
757
763
335
663
318
824
201
267
196
2
368
343
590
761
290
795
345
919
449
755
36
631
847
939
417
911
668
760
83
970
752
556
643
176
836
55
832
491
274
54
416
98
309
154
638
936
351
582
653
695
649
967
207
795
291
584
750
527
123
888
175
855
564
470
259
787
786
930
249
146
28
619
987
906
991
780
533
831
18
365
459
279
287
26
962
265
167
760
416
995
94
823
600
246
167
65
114
453
397
376
157
120
282
678
479
141
621
837
219
531
275
529
103
654
101
43
798
326
123
868
886
678
450
889
692
631
477
217
705
450
268
83
957
466
262
77
437
421
694
474
864
477
997
264
224
550
829
511
484
307
932
95
981
572
507
660
304
935
731
31
355
948
294
742
697
466
968
356
698
11
643
586
922
454
598
15
725
937
274
455
596
306
755
867
787
830
644
522
842
594
755
142
915
128
902
358
218
669
505
75
898
543
550
888
383
796
929
816
943
708
518
559
141
599
760
294
82
106
438
994
26
489
290
335
842
996
832
943
314
383
291
689
915
979
854
354
376
185
652
251
551
865
35
618
916
331
59
548
235
245
386
939
626
769
71
595
167
94
608
738
111
181
816
842
991
194
164
183
26
404
624
281
183
43
849
933
622
836
783
666
202
791
142
827
737
497
267
182
191
537
284
592
470
988
380
525
209
851
882
196
750
315
339
755
247
333
276
610
391
118
492
313
212
692
833
768
696
548
80
250
804
339
871
692
571
360
684
508
342
883
669
993
1000
711
461
536
71
643
816
417
10
114
572
612
271
753
187
602
254
637
606
941
492
299
489
958
941
935
610
179
628
167
632
930
880
613
578
519
830
735
883
868
942
424
536
991
97
311
648
306
633
946
252
850
522
344
291
41
550
1
432
539
529
798
773
717
462
189
544
309
532
668
226
565
966
885
811
311
932
51
157
33
221
28
887
436
951
543
112
57
582
482
284
444
241
19
576
349
827
393
495
249
543
252
244
404
936
865
734
827
579
243
913
426
428
850
511
54
198
783
9
771
546
503
75
271
922
48
273
720
674
986
79
707
209
189
155
84
711
237
559
421
702
499
419
699
714
568
799
602
112
143
442
679
545
722
658
522
340
677
327
982
953
725
94
430
600
383
24
320
697
370
468
147
557
977
131
51
194
882
999
118
784
394
74
390
510
784
749
821
935
702
523
63
736
945
828
701
373
54
865
40
752
34
31
122
658
939
795
634
979
676
415
880
545
364
419
86
170
887
326
950
225
832
797
325
461
912
841
641
435
632
434
160
36
324
718
108
132
922
592
602
748
444
449
758
157
965
257
360
983
740
292
991
224
414
33
873
379
14
501
602
345
730
410
539
282
661
63
431
829
728
852
657
383
931
932
394
474
702
431
962
115
502
245
853
618
446
87
674
525
473
994
400
983
445
355
93
498
172
201
404
49
324
953
226
68
518
801
51
221
352
47
328
536
730
712
836
644
836
653
7
529
441
504
734
108
299
678
577
4
200
734
789
191
999
461
241
456
156
713
962
821
387
127
958
733
939
26
286
406
297
959
518
871
981
882
378
797
172
580
190
988
599
255
288
380
395
423
591
628
155
466
582
478
976
828
708
531
854
19
556
77
571
711
470
758
377
373
170
624
337
498
952
357
141
250
769
736
291
305
272
282
771
852
941
160
119
73
769
254
66
322
854
948
995
856
468
503
4
64
773
485
660
788
568
131
26
322
948
230
133
516
837
821
179
395
909
518
92
831
892
788
515
656
907
436
143
781
953
55
317
60
832
545
625
415
455
609
966
655
887
203
325
491
330
41
55
698
37
327
125
559
895
38
161
524
227
105
686
603
608
884
423
312
542
930
529
341
739
375
850
895
14
491
665
76
450
383
608
839
492
220
469
941
62
849
533
59
309
320
544
346
997
775
4
847
433
599
134
